4294967294,471
4294967279,159
50,3
4294967279,157
4294967279,23
4294967279,22
4294967279,20
4294967279,19
4294967279,17
4294967279,16
4294967279,374
4294967294,76
4294967294,41
4294967294,107
4294967294,91
4294967294,86
4294967294,85
4294967294,217
4294967294,45
4294967279,295
4294967279,309
4294967279,14
4294967279,12
50,2
4294967279,151
4294967279,11
4294967279,9
4294967279,8
4294967279,149
4294967279,306
4294967294,127
4294967294,126
4294967294,20
4294967294,13
4294967294,218
4294967294,43
4294967294,416
4294967294,51
4294967294,52
4294967294,30
4294967294,143
4294967294,142
4294967294,140
4294967294,139
4294967294,134
4294967294,1018
4294967294,993
4294967294,991
4294967294,990
4294967294,989
4294967294,988
4294967294,60
50,4
4294967294,82
4294967279,305
4294967294,92
4294967294,88
4294967294,474
4294967294,81
4294967294,11
9,4
14,4
4294967294,83
4294967294,7
4294967294,6
4294967294,5
4294967294,22
4294967294,99
4294967294,424
4294967294,1
4294967294,198
4294967278,132
4294967278,131
4294967278,130
4294967278,129
4294967278,128
4294967278,127
4294967278,126
4294967278,125
4294967278,124
4294967278,123
4294967278,122
4294967278,121
4294967278,120
4294967278,119
4294967278,118
4294967278,117
4294967278,116
4294967278,115
4294967278,114
4294967278,113
4294967278,112
4294967278,111
4294967278,110
4294967278,109
4294967278,108
4294967278,107
4294967278,106
4294967278,105
4294967278,104
4294967278,103
4294967278,102
4294967278,101
4294967278,100
4294967278,99
4294967278,98
4294967278,97
4294967278,96
4294967278,95
4294967278,94
4294967278,93
4294967278,92
4294967278,91
4294967278,90
4294967278,89
4294967278,87
4294967278,86
4294967278,85
4294967278,84
4294967278,83
4294967278,82
4294967278,81
4294967278,80
4294967278,79
4294967278,78
4294967278,77
4294967278,76
4294967278,75
4294967278,74
4294967278,73
4294967278,72
4294967278,71
4294967278,70
4294967278,69
4294967278,68
4294967278,67
4294967278,66
4294967278,65
4294967278,64
4294967278,0
4294967279,86
4294967279,84
4294967279,83
4294967279,78
4294967279,77
4294967279,76
4294967279,71
4294967279,70
4294967279,69
4294967279,64
4294967279,63
4294967279,61
4294967279,58
4294967279,56
4294967279,55
4294967279,50
4294967279,49
4294967279,48
4294967279,43
4294967279,42
4294967279,41
4294967279,36
4294967279,35
4294967279,33
4294967279,29
4294967279,28
4294967279,27
4294967279,278
4294967279,21
4294967279,371
4294967279,18
4294967279,15
4294967279,13
4294967279,10
4294967279,7
4294967279,6
4294967279,5
4294967279,4
52,4
4294967294,1003
4294967294,186
4294967294,473
4294967294,1001
4294967294,1017
4294967294,0
4294967294,210
4294967294,17
4294967294,42
4294967294,25
4294967294,90
4294967294,87
4294967294,84
4294967294,128
4294967294,414
4294967294,151
4294967294,29
4294967294,150
4294967294,28
4294967294,987
4294967294,27
4294967294,53
4294967294,436
4294967294,44
4294967279,144
52,5
4294967294,96
4294967294,94
52,3
52,2
52,1
4294967279,273
0,7
4294967294,75
4294967294,18
4294967294,14
4294967294,9
4294967294,12
4294967294,156
4294967294,26
4294967294,50
0,5
4294967294,213
4294967279,24
4294967279,272
4294967294,93
4294967294,95
4294967294,67
4294967294,1102
4294967294,1099
4294967294,68
4294967294,425
4294967278,396
51,5
51,4
51,3
51,2
51,1
4294967294,470
4294967279,392
4294967278,392
4294967293,131
4294967293,130
4294967293,129
4294967293,128
4294967293,127
4294967293,126
4294967293,125
4294967293,124
4294967293,123
4294967293,122
4294967293,121
4294967293,120
4294967293,119
4294967293,118
4294967293,117
4294967293,116
4294967293,115
4294967293,114
4294967293,113
4294967293,112
4294967293,111
4294967293,110
4294967293,109
4294967293,108
4294967293,107
4294967293,106
4294967293,105
4294967293,104
4294967293,103
4294967293,102
4294967293,101
4294967293,100
4294967293,99
4294967293,98
4294967293,97
4294967293,96
4294967293,95
4294967293,94
4294967293,93
4294967293,92
4294967293,91
4294967293,90
4294967293,89
4294967293,88
4294967293,87
4294967293,86
4294967293,85
4294967293,84
4294967293,83
4294967293,82
4294967293,81
4294967293,80
4294967293,79
4294967293,78
4294967293,77
4294967293,76
4294967293,75
4294967293,74
4294967293,73
4294967293,72
4294967293,71
4294967293,70
4294967293,69
4294967293,68
4294967293,67
4294967293,66
4294967293,65
4294967293,64
4294967293,63
4294967293,62
